132 976 838 374
332 535 500 757
260 138 316 185
30 209 928 559
317 600 947 646
262 835 147 57
519 826 544 851
757 963 667 583
565 398 335 302
956 79 1000 935
15 872 922 421
328 977 558 711
827 89 807 999
383 648 540 569
33 765 73 401
270 791 400 740
436 894 37 416
180 979 811 285
117 988 541 638
920 871 415 416
843 965 252 118
918 844 626 754
69 113 953 763
388 673 369 152
920 281 902 893
291 490 917 705
431 577 813 612
336 875 101 406
34 276 660 360
939 442 77 269
314 450 562 131
391 998 902 68
288 536 427 407
45 904 823 195
797 560 827 476
257 62 718 862
976 863 12 787
15 767 289 869
678 23 791 768
380 6 6 990
47 221 865 245
679 168 261 698
54 849 908 383
802 262 993 463
915 130 215 459
25 996 483 490
893 173 708 171
233 356 494 306
865 763 153 659
306 909 18 276
472 577 52 865
799 743 603 808
886 748 999 865
258 326 123 492
331 928 838 510
764 729 739 161
971 230 823 223
570 523 330 187
126 737 640 307
986 911 417 315
153 998 314 55
858 922 201 631
729 654 962 974
180 284 107 308
89 898 80 930
505 993 628 273
205 116 542 991
298 954 281 951
747 615 55 112
66 692 103 782
169 536 250 860
885 969 566 747
295 224 491 295
670 189 577 585
75 647 232 400
62 523 209 80
892 722 354 676
868 678 958 391
891 271 958 946
533 279 696 583
538 958 269 935
556 219 348 33
944 408 14 197
395 355 293 180
755 65 904 289
76 349 366 983
146 155 950 975
547 230 558 587
555 838 396 564
833 737 397 60
286 190 74 661
519 10 461 614
52 819 616 470
196 912 293 9
646 904 738 430
360 921 125 945
687 510 540 348
466 806 729 557
897 5 742 753
624 744 444 683
182 44 288 54
599 457 383 83
158 880 288 175
970 308 99 945
884 47 29 908
705 167 367 49
615 858 733 790
933 460 667 981
728 629 192 797
128 716 407 342
265 797 53 14
983 962 795 738
899 832 787 392
231 263 175 761
377 372 795 404
277 818 449 865
668 344 789 312
748 997 996 690
230 62 681 564
782 604 45 207
731 413 831 772
413 504 451 128
41 964 928 592
272 184 458 453
769 497 622 39
629 977 974 912
18 554 445 12
516 176 849 862
493 549 569 429
48 644 104 556
231 939 884 965
608 103 867 144
838 531 638 938
311 59 218 616
524 501 774 854
898 313 59 116
831 715 919 0
1 87 25 628
357 581 21 220
635 255 209 805
120 703 812 602
914 198 99 387
593 594 271 982
640 8 663 232
215 319 927 348
150 82 157 228
642 435 255 307
71 199 645 246
584 604 183 533
742 932 294 529
903 521 873 620
636 848 863 18
723 972 205 831
961 678 81 67
685 751 418 813
934 650 517 572
15 855 871 852
651 414 142 282
820 987 709 59
459 142 705 856
956 465 180 653
306 709 598 443
576 875 570 44
726 634 63 715
527 29 277 674
766 253 705 49
498 746 21 338
911 237 499 574
255 336 882 457
372 600 827 136
561 649 1 230
805 114 108 187
819 520 69 521
127 461 190 522
776 971 148 67
39 779 290 812
120 592 728 385
633 498 763 793
234 306 954 337
979 871 606 126
464 425 447 603
56 556 775 64
267 57 160 54
138 600 961 114
963 973 380 223
108 207 211 586
335 221 810 727
456 369 497 648
786 269 331 811
869 542 556 771
650 403 146 786
847 193 273 321
631 574 658 733
875 570 877 2
456 408 847 593
581 586 42 964
965 860 999 50
901 162 316 238
250 359 977 160
523 396 476 311
