658 916 327 895
992 927 408 617
509 995 301 495
71 577 374 899
217 201 984 299
607 989 388 257
381 735 265 944
843 270 806 567
412 80 600 325
710 745 454 943
124 469 599 320
971 693 964 121
77 26 716 321
494 394 814 531
211 903 289 227
170 741 554 261
677 407 531 333
88 222 814 875
280 211 153 79
843 535 679 259
83 373 524 378
333 25 350 11
684 268 195 503
218 268 503 983
727 633 936 643
698 225 78 838
724 341 8 269
473 811 604 242
867 558 653 162
253 671 93 634
216 364 715 818
1 356 241 223
721 971 586 118
608 478 482 853
965 667 371 861
327 224 137 229
450 116 188 299
459 898 978 578
910 69 762 172
512 101 908 795
958 242 965 946
72 819 735 190
288 843 708 401
439 974 36 843
264 174 923 354
743 268 433 337
799 411 538 300
101 15 641 637
480 742 625 217
337 850 606 428
700 360 251 263
686 903 913 841
825 927 741 62
336 68 808 700
980 325 703 582
752 260 39 455
487 321 305 92
637 621 697 785
965 90 477 803
790 487 864 377
910 86 401 823
745 821 475 177
573 508 282 330
901 447 689 964
169 368 129 52
132 352 771 821
380 231 589 691
216 198 453 761
717 98 152 17
703 420 308 567
547 351 202 958
712 9 530 890
841 306 271 309
89 573 776 830
828 287 104 591
408 899 456 245
280 576 524 267
980 190 41 628
391 343 669 91
72 422 918 234
683 864 203 308
446 155 242 279
195 309 116 534
678 975 544 84
953 67 606 973
102 975 318 367
497 257 335 872
955 15 535 864
799 901 91 446
883 196 569 859
666 481 594 548
69 262 511 841
115 544 620 744
743 246 496 324
86 564 8 983
816 526 783 130
433 221 203 822
713 769 414 868
156 729 741 63
477 85 339 982
725 197 320 801
66 201 144 378
784 162 507 201
255 425 25 189
256 786 733 788
549 744 229 985
527 947 83 106
470 141 772 691
832 412 933 463
360 97 191 526
151 112 635 474
807 363 269 581
489 413 970 94
624 294 619 828
962 925 639 697
794 594 878 582
614 907 960 429
283 97 755 74
756 693 309 666
589 599 243 753
172 797 90 314
974 35 586 79
548 445 971 490
129 160 790 45
547 91 714 416
512 314 33 235
680 794 172 638
671 518 956 719
843 246 168 660
818 466 208 297
332 599 27 673
317 929 947 51
17 90 225 858
212 953 418 593
142 436 61 302
979 991 426 947
667 856 481 812
303 794 866 689
27 601 96 418
360 65 158 998
23 6 280 453
489 363 760 394
289 354 90 978
295 716 465 86
656 752 59 902
59 650 952 812
450 961 462 703
146 731 896 532
872 960 83 108
21 859 565 20
743 615 272 988
102 674 56 807
64 273 599 769
444 820 565 565
733 74 668 646
545 109 247 768
572 312 977 390
157 873 423 330
969 796 921 840
924 581 172 823
322 455 431 895
305 641 249 491
193 910 636 657
848 979 161 353
182 553 29 203
548 227 606 880
960 822 823 413
65 716 972 276
286 394 337 910
145 170 696 471
917 164 741 186
476 920 356 939
569 211 853 658
0 916 989 436
259 475 193 435
666 488 349 990
50 438 812 840
960 880 554 698
167 313 715 871
265 389 782 237
763 363 748 363
707 517 480 706
139 67 657 392
153 652 84 967
800 224 688 105
496 389 498 613
148 954 382 331
497 595 212 915
485 928 311 916
917 647 687 992
218 550 752 751
917 884 341 877
242 923 432 326
976 537 500 822
612 690 274 39
874 789 623 761
957 68 36 598
169 972 866 689
619 961 171 128
421 508 889 963
